output-er 36 36 36 0 0 0
output-sk 16 16 16 0 0 0
output-fig 195 195 195 0 0 0
input-pnm 263 263 263 0 0 0
output-epd 185 185 185 0 0 0
input-tga 247 247 247 0 0 0
input-bmp 253 253 220 6828871 6828871 5968783
output-dxf 301 301 301 0 0 0
output-eps 185 185 106 8392636 8392636 5201459
output-svg 8 8 8 0 0 0
output-er 36 36 36 0 0 0
output-p2e 52 52 52 0 0 0
output-emf 134 134 134 0 0 0
output-sk 16 16 16 0 0 0
output-fig 195 195 195 0 0 0
output-epd 185 185 185 0 0 0
output-svg 8 8 8 0 0 0
input-pnm 263 263 263 0 0 0
input-bmp 253 253 220 6828871 6828871 5968783
input-tga 247 247 247 0 0 0
output-p2e 52 52 52 0 0 0
output-eps 185 185 106 8392636 8392636 5201459
output-dxf 301 301 301 0 0 0
output-emf 134 134 134 0 0 0
output-svg 8 8 8 0 0 0
output-sk 16 16 16 0 0 0
output-svg 8 8 8 0 0 0
output-er 36 36 36 0 0 0
output-sk 16 16 16 0 0 0
output-er 36 36 36 0 0 0
output-p2e 52 52 52 0 0 0
output-p2e 52 52 52 0 0 0
output-eps 185 185 106 8392636 8392636 5201459
output-eps 185 185 106 8392636 8392636 5201459
output-epd 185 185 185 0 0 0
input-pnm 263 263 263 0 0 0
input-tga 247 247 247 0 0 0
output-emf 134 134 134 0 0 0
output-epd 185 185 185 0 0 0
output-fig 195 195 195 0 0 0
input-bmp 253 253 220 6828871 6828871 5968783
input-pnm 263 263 263 0 0 0
output-pdf 388 388 388 0 0 0
input-tga 247 247 247 0 0 0
output-emf 134 134 134 0 0 0
output-fig 195 195 195 0 0 0
output-mif 83 83 83 0 0 0
input-bmp 253 253 220 6828871 6828871 5968783
output-pdf 388 388 388 0 0 0
output-mif 83 83 83 0 0 0
output-dxf 301 301 301 0 0 0
output-cgm 56 56 56 0 0 0
output-cgm 56 56 56 0 0 0
output-dxf 301 301 301 0 0 0
output-dr2d 225 225 225 0 0 0
output-dr2d 225 225 225 0 0 0
output-mif 83 83 83 0 0 0
output-mif 83 83 83 0 0 0
output-cgm 56 56 56 0 0 0
output-cgm 56 56 56 0 0 0
fit 851 848 600 246588095 244907185 112124395
fit 851 848 600 246588095 244907185 112124395
bitmap 4 4 2 200 200 100
bitmap 4 4 2 200 200 100
spline 149 149 105 408602264 408602264 212130346
spline 149 149 105 408602264 408602264 212130346
output-dr2d 225 225 225 0 0 0
curve 256 256 219 61622312 61622312 39504569
epsilon-equal 0 0 0 0 0 0
vector 21 21 19 2293584 2293584 1720188
epsilon-equal 0 0 0 0 0 0
curve 256 256 219 61622312 61622312 39504569
output-dr2d 225 225 225 0 0 0
color 8 8 8 51392277 51392277 51392277
vector 21 21 19 2293584 2293584 1720188
bitmap 4 4 2 200 200 100
color 8 8 8 51392277 51392277 51392277
autotrace 119 119 111 1236 1236 1036
output 68 68 65 224 224 140
bitmap 4 4 2 200 200 100
autotrace 119 119 111 1236 1236 1036
output 68 68 65 224 224 140
output-pdf 388 388 388 0 0 0
epsilon-equal 0 0 0 0 0 0
output-pdf 388 388 388 0 0 0
epsilon-equal 0 0 0 0 0 0
color 8 8 8 51392277 51392277 51392277
color 8 8 8 51392277 51392277 51392277
vector 21 21 19 2293584 2293584 1720188
spline 149 149 105 408602264 408602264 212130346
vector 21 21 19 2293584 2293584 1720188
spline 149 149 105 408602264 408602264 212130346
input 52 52 50 896 896 560
input 52 52 50 896 896 560
pxl-outline 500 500 421 46354655 46354655 34928681
output 68 68 65 224 224 140
autotrace 119 119 111 1236 1236 1036
output 68 68 65 224 224 140
autotrace 119 119 111 1236 1236 1036
pxl-outline 500 500 421 46354655 46354655 34928681
curve 256 256 219 61622312 61622312 39504569
median 600 600 600 0 0 0
curve 256 256 219 61622312 61622312 39504569
thin-image 172 172 172 0 0 0
input 52 52 50 896 896 560
median 600 600 600 0 0 0
input 52 52 50 896 896 560
thin-image 172 172 172 0 0 0
logreport 0 0 0 0 0 0
logreport 0 0 0 0 0 0
filename 28 28 26 1124 1124 1068
logreport 0 0 0 0 0 0
filename 28 28 26 1124 1124 1068
logreport 0 0 0 0 0 0
xstd 7 7 7 0 0 0
xstd 7 7 7 0 0 0
despeckle 586 586 586 0 0 0
exception 18 18 14 8329682 8329682 8329670
exception 18 18 14 8329682 8329682 8329670
despeckle 586 586 586 0 0 0
strgicmp 29 29 27 3808 3808 3192
filename 28 28 26 1124 1124 1068
strgicmp 29 29 27 3808 3808 3192
filename 28 28 26 1124 1124 1068
xstd 7 7 7 0 0 0
thin-image 172 172 172 0 0 0
xstd 7 7 7 0 0 0
thin-image 172 172 172 0 0 0
exception 18 18 14 8329682 8329682 8329670
image-proc 318 318 318 0 0 0
exception 18 18 14 8329682 8329682 8329670
atou 2 2 2 0 0 0
image-proc 318 318 318 0 0 0
atou 2 2 2 0 0 0
strgicmp 29 29 27 3808 3808 3192
strgicmp 29 29 27 3808 3808 3192
getopt 174 174 172 308 308 252
main 207 207 205 336 336 280
fit 851 848 600 246588095 244907185 112124395
getopt 174 174 172 308 308 252
main 207 207 205 336 336 280
getopt1 0 0 0 0 0 0
getopt1 0 0 0 0 0 0
fit 851 848 600 246588095 244907185 112124395
pxl-outline 500 500 421 46354655 46354655 34928681
pxl-outline 500 500 421 46354655 46354655 34928681
image-proc 318 318 318 0 0 0
median 600 600 600 0 0 0
image-proc 318 318 318 0 0 0
median 600 600 600 0 0 0
despeckle 586 586 586 0 0 0
despeckle 586 586 586 0 0 0
