spec 396 392 297 15324256 15324244 10494368
spec 396 392 297 15324256 15324244 10494368
blocksort 895 895 704 52872869188 52872869188 48235356477
blocksort 895 895 704 52872869188 52872869188 48235356477
bzip2 81 81 81 9 9 9
bzip2 81 81 81 9 9 9
bzlib 1871 1871 1419 21154942529 21154942529 12490578882
bzlib 1871 1871 1419 21154942529 21154942529 12490578882
compress 2293 2290 1506 30162420655 30162419404 22214338255
compress 2293 2290 1506 30162420655 30162419404 22214338255
crctable 0 0 0 0 0 0
crctable 0 0 0 0 0 0
decompress 2870 2863 1150 27070300003 26997386389 19473182966
decompress 2870 2863 1150 27070300003 26997386389 19473182966
huffman 230 230 198 824845233 824845233 782756185
huffman 230 230 198 824845233 824845233 782756185
randtable 0 0 0 0 0 0
randtable 0 0 0 0 0 0
