src/imagew-webp 138 138 108 26494 26494 19943
src/imagew-jpeg 251 251 227 688 688 608
src/imagew-util 286 286 246 159360 159360 83295
src/imagew-png 254 254 174 211092 211092 112254
src/imagew-tiff 508 508 337 1307 1307 1028
src/imagew-miff 401 401 390 14835 14835 14693
src/imagew-resize 493 493 330 55399054 55399054 45459994
src/imagew-webp 138 138 108 26494 26494 19943
src/imagew-api 934 934 655 80968 80968 53016
src/imagew-opt 1554 1554 1132 57407872 57407872 56639664
src/imagew-jpeg 251 251 227 688 688 608
src/imagew-util 286 286 246 159360 159360 83295
src/imagew-png 254 254 174 211092 211092 112254
src/imagew-bmp 1981 1981 1420 361408 361408 231682
src/imagew-tiff 508 508 337 1307 1307 1028
src/imagew-miff 401 401 390 14835 14835 14693
src/imagew-resize 493 493 330 55399054 55399054 45459994
src/imagew-cmd 1989 1989 1368 385774 385774 251858
src/imagew-main 2568 2565 1925 59193673 59192724 47232148
src/imagew-api 934 934 655 80968 80968 53016
src/imagew-opt 1554 1554 1132 57407872 57407872 56639664
src/imagew-bmp 1981 1981 1420 361408 361408 231682
src/imagew-cmd 1989 1989 1368 385774 385774 251858
src/imagew-main 2568 2565 1925 59193673 59192724 47232148
src/imagew-gif 638 638 352 96248 96248 53920
src/imagew-gif 638 638 352 96248 96248 53920
src/imagew-zlib 88 88 88 0 0 0
src/imagew-zlib 88 88 88 0 0 0
src/imagew-pnm 938 938 848 830 830 533
src/imagew-allfmts 0 0 0 0 0 0
src/imagew-allfmts 0 0 0 0 0 0
src/imagew-pnm 938 938 848 830 830 533
