src/imagew-webp 138 138 100 186 186 110
src/imagew-jpeg 251 251 227 148 148 100
src/imagew-util 286 286 228 314 314 198
src/imagew-miff 401 401 390 90 90 68
src/imagew-tiff 508 508 320 556 556 180
src/imagew-png 254 254 130 440 440 192
src/imagew-resize 493 493 228 796 796 266
src/imagew-webp 138 138 100 186 186 110
src/imagew-jpeg 251 251 227 148 148 100
src/imagew-util 286 286 228 314 314 198
src/imagew-miff 401 401 390 90 90 68
src/imagew-api 934 934 569 1470 1470 740
src/imagew-tiff 508 508 320 556 556 180
src/imagew-png 254 254 130 440 440 192
src/imagew-resize 493 493 228 796 796 266
src/imagew-opt 1554 1554 664 2616 2616 836
src/imagew-api 934 934 569 1470 1470 740
src/imagew-bmp 1981 1981 1260 2208 2208 766
src/imagew-cmd 1989 1979 1052 2788 2768 914
src/imagew-main 2568 2510 1433 3594 3478 1324
src/imagew-opt 1554 1554 664 2616 2616 836
src/imagew-gif 638 638 292 1108 1108 416
src/imagew-cmd 1989 1979 1052 2788 2768 914
src/imagew-bmp 1981 1981 1260 2208 2208 766
src/imagew-pnm 938 938 838 272 272 72
src/imagew-gif 638 638 292 1108 1108 416
src/imagew-zlib 88 88 88 0 0 0
src/imagew-zlib 88 88 88 0 0 0
src/imagew-pnm 938 938 838 272 272 72
src/imagew-main 2568 2510 1433 3594 3478 1324
src/imagew-allfmts 0 0 0 0 0 0
src/imagew-allfmts 0 0 0 0 0 0
